6154 8 85047 4 77004 8 76317 8 88538 1 15527 9 72444 1 32017 1 14359 5 98379 3 33144 6 28182 9 79601 0 05189 2 33859 9 26376 9 71516 4 75828 0 23978 6 53822 6 79476 2 22486 6 36813 5 5315 9 75590 1 36404 8 86231 1 7804 0 79283 3 36801 3 39266 2 22161 9 96686 8 59209 2 28640 9 91148 0 67499 9 92661 1 12349 8 85551 7 56794 3 31085 6 68072 5 51026 8 64800 7 74765 6 61000 9 99858 6 62456 9 62972 0 09112 1 69199 0 03532 1 1464 3 85594 1 19197 8 86513 2 57243 9 96936 9 99108 7 75405 0 06039 9 92016 7 76167 6 67468 1 19048 2 65205 7 78715 1 65898 6 63577 2 29101 7 55429 9 38775 4 43565 5 57619 2 35748 2 21322 9 68902 2 29294 7 71854 6 69824 8 8407 0 07974 5 5184 8 86592 9 9763 0 05305 0 04268 4 41471 5 63095 5 63545 6 62009 9 62722 1 11815 4 6357 1 17861 7 79709 5 67517 1 02142 8 86878 2 24825 8 82147 9 84892 5 53712 6 63164 6 67012 2 29341 2 29129 2 2286 6 68912 8 17991 9 85469 6 6432 4 44962 2 22667 8 83279 8 85069 0 079 7 79423 9 93426 9 78910 3 3332 1 11294 0 08090 1 14973 3 3653 2 26154 8 8
5047 4 7
7004 8 7
6317 8 8
8538 1 1
5527 9 7
2444 1 3
2017 1 1
4359 5 9
8379 3 3
3144 6 2
8182 9 7
9601 0 0
5189 2 3
3859 9 2
6376 9 7
1516 4 7
5828 0 2
3978 6 5
3822 6 7
9476 2 2
2486 6 3
6813 5 5
315 9 7
5590 1 3
6404 8 8
6231 1 7
804 0 7
9283 3 3
6801 3 3
9266 2 2
2161 9 9
6686 8 5
9209 2 2
8640 9 9
1148 0 6
7499 9 9
2661 1 1
2349 8 8
5551 7 5
6794 3 3
1085 6 6
8072 5 5
1026 8 6
4800 7 7
4765 6 6
1000 9 9
9858 6 6
2456 9 6
2972 0 0
9112 1 6
9199 0 0
3532 1 1
464 3 8
5594 1 1
9197 8 8
6513 2 5
7243 9 9
6936 9 9
9108 7 7
5405 0 0
6039 9 9
2016 7 7
6167 6 6
7468 1 1
9048 2 6
5205 7 7
8715 1 6
5898 6 6
3577 2 2
9101 7 5
5429 9 3
8775 4 4
3565 5 5
7619 2 3
5748 2 2
1322 9 6
8902 2 2
9294 7 7
1854 6 6
9824 8 8
407 0 0
7974 5 5
184 8 8
6592 9 9
763 0 0
5305 0 0
4268 4 4
1471 5 6
3095 5 6
3545 6 6
2009 9 6
2722 1 1
1815 4 6
357 1 1
7861 7 7
9709 5 6
7517 1 0
2142 8 8
6878 2 2
4825 8 8
2147 9 8
4892 5 5
3712 6 6
3164 6 6
7012 2 2
9341 2 2
9129 2 2
286 6 6
8912 8 1
7991 9 8
5469 6 6
432 4 4
4962 2 2
2667 8 8
3279 8 8
5069 0 0
79 7 7
9423 9 9
3426 9 7
8910 3 3
332 1 1
1294 0 0
8090 1 1
4973 3 3
653 2 2
5047 4 7
7004 8 7
5527 9 7
2444 1 3
4359 5 9
3144 6 2
8182 9 7
5189 2 3
3859 9 2
6376 9 7
1516 4 7
5828 0 2
3978 6 5
3822 6 7
2486 6 3
315 9 7
5590 1 3
6231 1 7
804 0 7
6686 8 5
1148 0 6
5551 7 5
1026 8 6
2456 9 6
9112 1 6
464 3 8
6513 2 5
9048 2 6
8715 1 6
9101 7 5
5429 9 3
7619 2 3
1322 9 6
1471 5 6
3095 5 6
2009 9 6
1815 4 6
9709 5 6
7517 1 0
2147 9 8
8912 8 1
7991 9 8
3426 9 7
