3 1 0.42095810174942017
10 3 0.987701952457428
13 3 0.8237109184265137
28 3 0.9985836744308472
55 3 0.9545384645462036
69 3 0.4991222023963928
71 3 0.7118108868598938
101 3 0.905075192451477
126 4 0.44163835048675537
136 3 0.9135764837265015
148 3 0.9623828530311584
157 3 0.9810487031936646
183 3 0.25221389532089233
188 5 0.48102954030036926
192 3 0.5067762136459351
194 4 0.3057860732078552
215 3 0.3330063223838806
269 3 0.44563934206962585
271 1 0.6041842699050903
294 3 0.9919092059135437
296 3 0.9459550976753235
297 5 0.3724047541618347
305 1 0.3022790253162384
311 1 0.22433263063430786
312 3 0.5253784656524658
324 1 0.8729898929595947
327 3 0.45123016834259033
346 3 0.9910154938697815
365 3 0.9900952577590942
372 1 0.3950628340244293
407 4 0.41935107111930847
424 3 0.9949104189872742
440 4 0.37164658308029175
441 3 0.7400333881378174
443 3 0.9995742440223694
459 3 0.9602029919624329
485 3 0.9925952553749084
490 3 0.9962969422340393
498 3 0.9264611005783081
525 3 0.2595040202140808
545 3 0.9945408701896667
546 3 0.9425139427185059
552 3 0.9943079352378845
561 1 0.5116350054740906
564 3 0.9840519428253174
567 4 0.5209653377532959
581 5 0.4589502811431885
586 3 0.9982566237449646
592 3 0.6626485586166382
597 7 0.2694650888442993
608 1 0.4659726321697235
611 3 0.4123481214046478
620 3 0.9972559809684753
642 1 0.32312309741973877
656 5 0.34838560223579407
661 3 0.9095180630683899
701 5 0.9603502154350281
704 5 0.9944055080413818
713 4 0.4429636299610138
717 1 0.8571026921272278
721 1 0.33036932349205017
723 3 0.9994540810585022
750 3 0.8820268511772156
763 3 0.4840121865272522
794 3 0.6478335857391357
804 1 0.6083383560180664
821 3 0.9736565351486206
845 3 0.9952967762947083
851 3 0.752625048160553
854 3 0.9761048555374146
871 3 0.6816643476486206
884 3 0.9438721537590027
895 3 0.9735600352287292
896 3 0.962257444858551
932 1 0.2723581790924072
972 6 0.3582323491573334
981 3 0.7513420581817627
993 3 0.9780175089836121
997 3 0.8039703369140625
1001 3 0.9901711344718933
1009 1 0.42231127619743347
1034 3 0.9851217269897461
1047 1 0.8661585450172424
1061 3 0.8916466236114502
1094 3 0.9551403522491455
1121 1 0.6304986476898193
1148 3 0.8316495418548584
1154 3 0.8021321892738342
1176 3 0.9975354671478271
1188 3 0.988007664680481
1191 1 0.5778756141662598
1195 3 0.9721141457557678
1197 1 0.43206560611724854
1203 3 0.6849225163459778
1218 4 0.4461859464645386
1220 4 0.595142126083374
1223 5 0.2934648096561432
1231 1 0.8848631381988525
1246 4 0.5563705563545227
1261 3 0.7720866799354553
1271 3 0.3375494182109833
1273 1 0.2565826177597046
1288 3 0.8895918130874634
1294 3 0.3208206593990326
1297 9 0.19620761275291443
1333 3 0.3608646094799042
1379 4 0.6607770323753357
1390 3 0.737575888633728
1399 4 0.48289135098457336
1404 3 0.995313286781311
1408 1 0.3065425753593445
1411 3 0.9985389709472656
1416 3 0.8475788831710815
1438 3 0.9985841512680054
1445 3 0.9903367757797241
1454 3 0.9866663813591003
1468 1 0.8782715797424316
1487 4 0.27514544129371643
1504 3 0.9938836097717285
1517 3 0.46012645959854126
1533 3 0.955624520778656
1534 3 0.9848116636276245
1535 7 0.27136120200157166
1558 3 0.9399092197418213
1565 3 0.40855634212493896
1570 3 0.9961053729057312
1589 6 0.21663330495357513
1590 3 0.8197425007820129
1619 3 0.985698401927948
1623 9 0.2590092420578003
1638 3 0.911670446395874
1650 3 0.984718382358551
1692 3 0.3378501534461975
1700 8 0.2873067855834961
1708 5 0.33796608448028564
1712 5 0.9056888818740845
1713 4 0.5484449863433838
1739 3 0.9410068988800049
1748 5 0.9795278310775757
1757 3 0.9896194338798523
1762 4 0.37689799070358276
1764 3 0.5592446327209473
1768 3 0.9972099661827087
1775 3 0.9993602633476257
1777 3 0.48972412943840027
1794 3 0.9985263347625732
1796 1 0.4646573066711426
1807 1 0.5727210640907288
1808 4 0.33753684163093567
1826 5 0.9899066090583801
1841 3 0.9213213920593262
1843 7 0.29960450530052185
1870 3 0.7400679588317871
1892 5 0.3152424097061157
1898 1 0.6120204329490662
1907 3 0.9993461966514587
1918 3 0.892745852470398
1944 3 0.25619828701019287
1959 3 0.9986055493354797
1972 3 0.8833160400390625
1987 7 0.5489005446434021
1995 4 0.6722473502159119
2023 5 0.25955384969711304
2033 3 0.7025332450866699
2042 3 0.31325817108154297
2061 3 0.9913875460624695
2067 3 0.953455924987793
2081 3 0.49803754687309265
2087 3 0.8308433890342712
2096 3 0.8226141929626465
2106 5 0.9723191857337952
2127 3 0.9836454391479492
2155 3 0.9351803660392761
2178 3 0.543964684009552
2185 3 0.9962527751922607
2188 1 0.4353891611099243
2190 3 0.9710573554039001
2204 3 0.9963937401771545
2209 3 0.7989587187767029
2217 3 0.9965068697929382
2226 3 0.9653992652893066
2236 3 0.9978622794151306
2294 5 0.43353843688964844
2295 1 0.4487295150756836
2318 3 0.3920779526233673
2326 3 0.9925575256347656
2328 3 0.9210329651832581
2329 4 0.9992596507072449
2333 3 0.9994626641273499
2370 3 0.7064453363418579
2376 3 0.3567545413970947
2378 1 0.33683544397354126
2384 4 0.5680348873138428
2403 3 0.9574187397956848
2410 4 0.9414491057395935
2417 1 0.5990861654281616
2435 3 0.9992092251777649
2449 3 0.9922513365745544
2455 3 0.9976379871368408
2461 3 0.9326791763305664
2479 4 0.9679558277130127
2485 3 0.3517853915691376
2492 3 0.8560330867767334
2506 3 0.9323979616165161
2527 4 0.24435681104660034
2536 3 0.7876379489898682
2557 1 0.5936881899833679
2568 1 0.3343137502670288
2571 3 0.9995760321617126
2592 5 0.8947399854660034
2593 3 0.9939149022102356
2619 3 0.9659894704818726
2627 3 0.5943597555160522
2631 3 0.9931355714797974
2638 5 0.3466123938560486
2641 5 0.39882928133010864
2656 3 0.9320153594017029
2657 3 0.9984201192855835
2660 4 0.4024896025657654
2687 4 0.27619192004203796
2703 1 0.8700641989707947
2707 3 0.42956045269966125
2713 3 0.9954124093055725
2714 3 0.5567218661308289
2717 3 0.9853968024253845
2733 3 0.8393322825431824
2747 7 0.24824829399585724
2748 1 0.38181227445602417
2761 3 0.824965238571167
2764 3 0.5762902498245239
2765 3 0.5135619044303894
2777 3 0.9790117144584656
2779 4 0.37088632583618164
2794 3 0.9952493906021118
2817 3 0.8964641690254211
2821 1 0.3180590271949768
2824 3 0.988283634185791
2842 4 0.39722561836242676
2873 3 0.9331700205802917
2894 1 0.40833979845046997
2899 3 0.8517849445343018
2932 1 0.515241801738739
2937 3 0.9808602333068848
2942 3 0.6853092312812805
2944 4 0.4086228609085083
2954 5 0.7447654008865356
2962 3 0.9764997959136963
2988 3 0.9634928107261658
2996 5 0.32919207215309143
2999 8 0.36816421151161194
3013 3 0.8746474385261536
3020 4 0.5987364053726196
3032 3 0.9785230755805969
3043 1 0.3332543969154358
3044 1 0.6866427063941956
3052 3 0.6560707092285156
3077 4 0.9522162675857544
3087 7 0.37760546803474426
3090 3 0.6290294528007507
3140 3 0.8819652795791626
3170 8 0.2222227156162262
3178 3 0.2857927978038788
3179 3 0.4754441976547241
3185 3 0.9681949019432068
3191 3 0.989579975605011
3210 3 0.9863458275794983
3215 3 0.5233693718910217
3219 3 0.9912053942680359
3226 3 0.8318191766738892
3242 3 0.42349541187286377
3243 3 0.9953716397285461
3265 4 0.3257324993610382
3266 1 0.40103787183761597
3271 3 0.24376565217971802
3297 3 0.9293856620788574
3305 3 0.9994403719902039
3306 1 0.3149174153804779
3310 1 0.2491765171289444
3315 3 0.8887850046157837
3317 3 0.9819754958152771
3322 4 0.267564058303833
3325 3 0.46305981278419495
3346 3 0.7979893684387207
3347 1 0.41492486000061035
3358 3 0.9706593751907349
3359 3 0.721724271774292
3371 3 0.9023357629776001
3412 5 0.9952462315559387
3417 3 0.9962701797485352
3439 3 0.6816299557685852
3446 4 0.5561589002609253
3450 3 0.9877381324768066
3458 3 0.9993896484375
3479 5 0.28871309757232666
3481 3 0.8400575518608093
3496 3 0.997134804725647
3512 3 0.8370304107666016
3536 2 0.5780218243598938
3574 4 0.49943244457244873
3581 3 0.9769222736358643
3584 5 0.2941576838493347
3613 1 0.46854397654533386
3634 3 0.96270751953125
3640 4 0.8767120242118835
3646 1 0.32476407289505005
3650 3 0.9513629078865051
3677 3 0.824616551399231
3680 4 0.444670706987381
3695 3 0.8355430960655212
3698 3 0.9565644264221191
3706 3 0.9775814414024353
3710 1 0.3898456394672394
3724 3 0.9840589761734009
3735 5 0.21406207978725433
3764 4 0.547015368938446
3774 4 0.4474092721939087
3790 1 0.32428091764450073
3803 3 0.990402340888977
3804 3 0.997817873954773
3805 3 0.695800244808197
3818 7 0.9051645398139954
3847 4 0.3581502139568329
3849 5 0.3660244047641754
3864 3 0.9893897175788879
3867 1 0.9750298857688904
3870 1 0.28089001774787903
3883 3 0.9982089996337891
3895 3 0.9992923736572266
3903 3 0.7680980563163757
3911 1 0.2837265133857727
3940 1 0.3056301474571228
3942 3 0.9546235203742981
3959 3 0.9573621153831482
3982 8 0.189084991812706
3989 3 0.9988941550254822
4023 4 0.6060135364532471
4033 3 0.4075348675251007
4034 3 0.9787321090698242
4043 3 0.6173313856124878
4048 1 0.45964714884757996
4062 3 0.9900287985801697
4065 4 0.7746841907501221
4070 4 0.39896026253700256
4079 3 0.9945165514945984
4080 3 0.8895758986473083
4082 3 0.9078006148338318
4090 3 0.9931085109710693
4091 1 0.7954149842262268
4146 3 0.9964538812637329
4150 3 0.9988574981689453
4157 3 0.9740409255027771
4166 3 0.8748761415481567
4186 3 0.7919550538063049
4188 4 0.34127408266067505
4208 1 0.4367968440055847
4227 3 0.8171819448471069
4278 4 0.3884095549583435
4281 3 0.9978379607200623
4286 1 0.4382984936237335
4329 1 0.2347474992275238
4343 4 0.7044326066970825
4348 3 0.7660284042358398
4351 5 0.3440006971359253
4353 3 0.9268316626548767
4361 3 0.9876322746276855
4365 1 0.38088491559028625
4370 3 0.9943194389343262
4403 3 0.31133565306663513
4404 3 0.857681155204773
4432 3 0.9998001456260681
4447 1 0.45462116599082947
4448 4 0.5122749209403992
4462 1 0.27704939246177673
4470 1 0.5314403176307678
4473 3 0.9547600746154785
4477 2 0.8614712357521057
4495 3 0.5010287761688232
4515 7 0.31401327252388
4527 1 0.23715779185295105
4531 4 0.36722153425216675
4542 3 0.41853436827659607
4611 3 0.3410131633281708
4614 3 0.23572972416877747
4617 3 0.440901517868042
4628 4 0.2946638762950897
4631 9 0.4210207760334015
4641 3 0.9983896017074585
4642 3 0.999213457107544
4650 3 0.3293459117412567
4672 3 0.9114505648612976
4675 3 0.976894199848175
4718 3 0.8706664443016052
4720 1 0.34467563033103943
4739 7 0.21764561533927917
4780 3 0.6668671369552612
4788 3 0.9918280839920044
4804 1 0.17519083619117737
4819 3 0.9941640496253967
4824 3 0.6999083757400513
4834 1 0.3146820664405823
4857 4 0.888690173625946
4862 4 0.6841747164726257
4880 3 0.9823241233825684
4891 1 0.2817877531051636
4935 3 0.6479405760765076
4937 9 0.29406651854515076
4958 3 0.42183366417884827
4999 5 0.40907323360443115
5006 3 0.9833101630210876
5031 3 0.9500971436500549
5033 3 0.9758898019790649
5051 1 0.27045005559921265
5087 3 0.5277311205863953
5108 3 0.9272555112838745
5109 3 0.9054491519927979
5139 3 0.8312178254127502
5141 3 0.5555128455162048
5147 3 0.9259207844734192
5165 7 0.6992451548576355
5244 1 0.2881486713886261
5249 1 0.3857998549938202
5253 3 0.9166555404663086
5255 3 0.8419829607009888
5270 3 0.9839923977851868
5280 3 0.27989548444747925
5290 3 0.7946792840957642
5301 3 0.5073009133338928
5305 3 0.5381972193717957
5320 3 0.9688706398010254
5321 3 0.7786548733711243
5342 3 0.5632473230361938
5398 3 0.7593740224838257
5405 3 0.7223153710365295
5415 4 0.3027391731739044
5435 3 0.9240807294845581
5450 4 0.34499669075012207
5452 3 0.28299248218536377
5459 4 0.24122893810272217
5463 3 0.9935498833656311
5470 5 0.1823578178882599
5483 3 0.9198237657546997
5505 3 0.9772101044654846
5513 3 0.7338645458221436
5519 3 0.9939091205596924
5526 3 0.7269561290740967
5529 3 0.8664922714233398
5531 2 0.3648936152458191
5554 3 0.8131952285766602
5584 3 0.8173322677612305
5592 3 0.6568002104759216
5603 5 0.397142231464386
5652 3 0.923845648765564
5653 8 0.25933465361595154
5669 5 0.3129478394985199
5673 3 0.8973807692527771
5684 3 0.8653581738471985
5685 3 0.39716479182243347
5686 3 0.848366379737854
5695 5 0.42758941650390625
5718 3 0.8710322976112366
5721 3 0.3738258183002472
5731 4 0.9981247782707214
5737 6 0.5225239992141724
5750 5 0.7636334896087646
5756 1 0.838157594203949
5778 3 0.9918068647384644
5791 1 0.7950397729873657
5806 3 0.9460170865058899
5812 3 0.9945564270019531
5818 3 0.9835689663887024
5827 1 0.8216142654418945
5828 7 0.7854748964309692
5830 3 0.4356299042701721
5847 5 0.9599756598472595
5865 3 0.8973557353019714
5870 3 0.9810865521430969
5890 3 0.9846650958061218
5899 3 0.8249386548995972
5918 3 0.89252769947052
5929 3 0.7006809115409851
5930 9 0.4076076149940491
5932 1 0.3772560954093933
5942 2 0.2739446461200714
5952 1 0.6558470726013184
5974 1 0.3228180408477783
5980 1 0.3985414206981659
5987 1 0.48299482464790344
5990 1 0.41237032413482666
5993 1 0.3842347264289856
6003 1 0.5161839723587036
6015 1 0.4873400628566742
6016 3 0.3459808826446533
6040 1 0.6180953979492188
6114 3 0.5855829119682312
6129 3 0.7269107103347778
6133 3 0.5889016389846802
6181 2 0.7356272339820862
6191 4 0.45007506012916565
6201 3 0.9840875267982483
6211 3 0.7575579285621643
6241 3 0.9982585310935974
6250 3 0.9994086027145386
6259 3 0.9465503096580505
6264 1 0.6656842827796936
6280 3 0.6576004028320312
6286 3 0.9929249286651611
6287 4 0.9818415641784668
6288 3 0.9967986345291138
6293 3 0.8934298157691956
6309 3 0.5095056295394897
6319 3 0.4050652086734772
6328 3 0.9411864876747131
6342 3 0.8033686876296997
6344 4 0.42195314168930054
6351 1 0.24825632572174072
6383 3 0.9735705256462097
6398 1 0.5668157935142517
6400 3 0.9941332936286926
6424 2 0.26261240243911743
6426 3 0.9411604404449463
6428 1 0.4633710980415344
6429 3 0.5801180601119995
6437 3 0.7757419347763062
6444 3 0.9176648855209351
6454 3 0.9723951816558838
6461 3 0.8903847932815552
6470 3 0.9991971850395203
6473 3 0.9854586124420166
6478 3 0.9997954964637756
6489 3 0.9674100279808044
6510 3 0.7077214121818542
6546 3 0.26562756299972534
6557 5 0.9631682634353638
6567 1 0.2693417966365814
6580 4 0.3439403474330902
6588 3 0.999723494052887
6590 5 0.30605217814445496
6602 4 0.6996470093727112
6621 4 0.8414070010185242
6643 3 0.8095818161964417
6672 1 0.6415309309959412
6711 3 0.6639734506607056
6719 3 0.5867780447006226
6750 4 0.2759532034397125
6752 3 0.787446916103363
6766 3 0.9765071868896484
6770 3 0.9198346734046936
6779 3 0.9947116374969482
6781 3 0.976735532283783
6786 3 0.8654287457466125
6795 3 0.9117035269737244
6808 4 0.21804207563400269
6818 4 0.5721786618232727
6833 7 0.2545885741710663
6835 1 0.40959635376930237
6843 7 0.24508154392242432
6877 1 0.3243318200111389
6892 3 0.7737423777580261
6894 7 0.26786670088768005
6923 1 0.2742534279823303
6925 7 0.4259040951728821
6927 3 0.6496787071228027
6937 3 0.9529803991317749
6947 5 0.881843090057373
6959 3 0.970188319683075
6962 1 0.34255149960517883
6968 3 0.9793642163276672
6970 5 0.5468870401382446
6971 3 0.9034619331359863
6978 3 0.9334554076194763
6979 3 0.7848034501075745
7031 5 0.837801992893219
7037 3 0.972391664981842
7049 3 0.9989871382713318
7062 3 0.6527886986732483
7072 3 0.992405354976654
7084 3 0.9608169198036194
7086 3 0.6237043738365173
7112 3 0.9307133555412292
7129 3 0.9012752771377563
7133 3 0.9862244129180908
7139 3 0.7456235289573669
7161 3 0.9665703773498535
7162 3 0.9791265726089478
7168 3 0.9689432978630066
7175 8 0.3364182412624359
7190 1 0.5569920539855957
7202 4 0.9539185166358948
7203 3 0.6810610890388489
7216 1 0.7675487399101257
7221 3 0.9800016283988953
7225 3 0.9147278666496277
7231 3 0.9963251948356628
7255 3 0.9913799166679382
7261 3 0.9883515238761902
7263 3 0.9995200634002686
7269 3 0.6963904500007629
7279 3 0.9945874214172363
7289 3 0.7446345686912537
7330 3 0.6902674436569214
7337 3 0.991775393486023
7342 3 0.4064115881919861
7354 1 0.5028373599052429
7363 3 0.9723811745643616
7367 3 0.9789502620697021
7368 3 0.8631720542907715
7381 3 0.9726735353469849
7385 3 0.940702497959137
7410 1 0.3084697723388672
7440 5 0.35569852590560913
7446 7 0.3069806694984436
7449 5 0.9273778200149536
7452 1 0.5225000977516174
7465 3 0.6124849915504456
7485 8 0.394345223903656
7491 1 0.7167417407035828
7505 3 0.9670162796974182
7506 3 0.9316782355308533
7516 3 0.8812289834022522
7536 3 0.7224365472793579
7537 3 0.5758793354034424
7555 3 0.955812394618988
7558 5 0.6873481869697571
7566 3 0.9783130884170532
7599 3 0.99601149559021
7601 3 0.9739839434623718
7607 3 0.6235001683235168
7617 3 0.9870784282684326
7625 3 0.6864478588104248
7646 3 0.4913898706436157
7655 3 0.6616562008857727
7671 1 0.40865275263786316
7688 3 0.6312142014503479
7693 5 0.28541406989097595
7699 3 0.9958128333091736
7702 3 0.9131130576133728
7703 3 0.4899842143058777
7706 3 0.7890791893005371
7723 3 0.4587898850440979
7727 3 0.8787102103233337
7737 3 0.7285520434379578
7780 7 0.26547685265541077
7810 3 0.8359659314155579
7835 1 0.3299931585788727
7838 7 0.24402734637260437
7846 3 0.6746495962142944
7855 4 0.2573505640029907
7866 1 0.2907479703426361
7868 3 0.912277102470398
7873 7 0.35292601585388184
7882 3 0.8654048442840576
7898 2 0.21497023105621338
7913 3 0.7880576848983765
7933 1 0.3721233010292053
7943 3 0.5630890130996704
7967 3 0.745012104511261
7987 3 0.456400990486145
7989 4 0.4121297001838684
8007 3 0.48827075958251953
8016 1 0.2300102710723877
8029 1 0.21277417242527008
8055 3 0.992316484451294
8057 1 0.3844665586948395
8067 3 0.3817974328994751
8077 3 0.5679455995559692
8085 3 0.46059006452560425
8117 3 0.713613748550415
8127 3 0.6693056225776672
8137 3 0.9266639947891235
8152 3 0.47337979078292847
8163 5 0.2615773379802704
8179 3 0.9361104369163513
8194 3 0.9080705046653748
8195 3 0.9875426292419434
8199 1 0.4480140507221222
8212 1 0.33641934394836426
8221 3 0.9971334934234619
8228 5 0.9155286550521851
8243 1 0.45005661249160767
8251 3 0.9987926483154297
8260 1 0.5243968367576599
8273 7 0.2693287134170532
8278 1 0.6523358225822449
8283 1 0.6665685176849365
8307 3 0.995067834854126
8325 2 0.9984906911849976
8335 3 0.9966957569122314
8338 3 0.9950030446052551
8342 3 0.9683111310005188
8343 3 0.9890679717063904
8351 1 0.5868332982063293
8373 1 0.3229348957538605
8382 1 0.5734410881996155
8388 3 0.9488214254379272
8389 3 0.9860534071922302
8414 3 0.45957809686660767
8425 3 0.99774169921875
8481 4 0.3634088933467865
8496 1 0.3524830937385559
8501 3 0.973177969455719
8514 4 0.3853916525840759
8558 3 0.6273458003997803
8567 3 0.6462282538414001
8576 3 0.8627385497093201
8587 3 0.5637434720993042
8611 3 0.8433554768562317
8614 3 0.46864286065101624
8621 3 0.9923160076141357
8629 3 0.8995356559753418
8634 3 0.8687832355499268
8657 5 0.32866284251213074
8671 3 0.8724642992019653
8681 5 0.806847870349884
8691 5 0.9513163566589355
8730 3 0.8073455095291138
8731 3 0.9946276545524597
8738 3 0.9990596175193787
8748 3 0.9940968751907349
8752 3 0.8311216235160828
8763 3 0.9287223219871521
8764 3 0.8723891377449036
8772 3 0.9940474033355713
8795 3 0.9938915967941284
8798 5 0.7734502553939819
8808 3 0.9690268039703369
8818 3 0.4195290207862854
8845 3 0.9455358982086182
8849 1 0.3017956614494324
8851 3 0.8449277877807617
8858 3 0.7227669954299927
8859 3 0.9283643364906311
8865 3 0.6589134931564331
8881 3 0.20391115546226501
8913 1 0.47398337721824646
8921 3 0.9006437659263611
8929 3 0.6055921912193298
8951 3 0.9950864911079407
8983 7 0.26097333431243896
8991 3 0.9599311351776123
8992 3 0.8609925508499146
8999 3 0.9787417054176331
9016 7 0.9586328864097595
9038 3 0.46123939752578735
9105 7 0.31645599007606506
9134 3 0.4563218653202057
9162 1 0.34465864300727844
9189 3 0.9081956148147583
9220 3 0.980156660079956
9221 3 0.9416998028755188
9230 1 0.46049007773399353
9236 3 0.9451990127563477
9264 6 0.26366737484931946
9281 4 0.4018970727920532
9296 3 0.40102797746658325
9297 3 0.28101062774658203
9311 1 0.5742115378379822
9325 3 0.5877838134765625
9339 1 0.5493530035018921
9352 5 0.22880859673023224
9358 1 0.3172794282436371
9367 3 0.5946123003959656
9405 1 0.30133524537086487
9414 3 0.41189131140708923
9425 4 0.26486167311668396
9436 3 0.9826050996780396
9440 3 0.5937792658805847
9455 1 0.24348846077919006
9459 1 0.38098809123039246
9488 1 0.5186327695846558
9498 1 0.47457534074783325
9508 1 0.5748868584632874
9519 3 0.39358049631118774
9527 1 0.42217594385147095
9528 3 0.9663863778114319
9542 9 0.699606716632843
9552 3 0.8561721444129944
9585 1 0.3239462375640869
9601 3 0.44765862822532654
9611 3 0.9988327622413635
9621 3 0.998404324054718
9631 3 0.9963698387145996
9633 3 0.7263802886009216
9634 9 0.9972580671310425
9647 8 0.40990325808525085
9648 3 0.6856570839881897
9663 3 0.9660472869873047
9666 5 0.6986361742019653
9677 3 0.9999195337295532
9687 3 0.9999394416809082
9688 3 0.6902942657470703
9704 4 0.7745380997657776
9714 3 0.9996707439422607
9724 1 0.3001404106616974
9739 3 0.5786522030830383
9753 1 0.3018680810928345
9757 5 0.5508952140808105
9761 3 0.7739373445510864
9763 3 0.5902746319770813
9791 3 0.9319540858268738
9800 1 0.43218785524368286
9809 3 0.7218500971794128
9826 3 0.6808763146400452
9850 1 0.4027990698814392
9865 3 0.41783595085144043
9879 3 0.9975433349609375
9885 3 0.3175124526023865
9897 3 0.966924786567688
9902 5 0.9827451109886169
9911 3 0.8930233120918274
9930 3 0.9854117035865784
9939 4 0.33707481622695923
9948 3 0.9843056201934814
9951 3 0.9537525177001953
9952 3 0.7038630843162537
9962 5 0.9967398047447205
9964 3 0.746417760848999
9983 3 0.5646510720252991
